3
 Coll. rates from Launay & Roueff (1977, J.Phys.B, 10, 879)  XWL 01/03/1996
 For T > 1000, from Keenan et al. (1986, MN, 220, 571)
 Aij's from Nussbaumer & Storey, 1981, Astron. Astrophys., 96, 91.
2 30 0
2p  2P1/2
2p  2P3/2
   5
  10
  20
  30
  40
  50
  60
  70
  80
  90
 100
 125
 150
 175
 200
 250
 300
 400
 500
 600
 800
1000
1778.
3162.
5623.
10000.
17783.
31623.
56234.
100000.
-11
 1 2 1.4E-06
 0 0 1.4E-02
 0 0 1.44
 0 0 6.93
 0 0 15.2
 0 0 24.6
 0 0 33.8
 0 0 42.4
 0 0 50.3
 0 0 57.6
 0 0 64.1
 0 0 77.8
 0 0 89.0
 0 0 97.6
 0 0 105.
 0 0 116.
 0 0 124.
 0 0 138.
 0 0 147.
 0 0 154.
 0 0 167.
 0 0 177.
 0 0 185.
 0 0 221.
 0 0 272.
 0 0 341.
 0 0 435.
 0 0 561.
 0 0 729.
 0 0 949.
 0 0 0
 1 2 2.29E-06
 1 2 0.0
 2 4 63.3951
