2
OIII
DUMMY
15 7 0
2P2  3P0
2P2  3P1
2P2  3P2
2P2  1D
2P2  1S
2P3  5S2
2P3  3DO3
2P3  3DO2
2P3  3DO1
2P3  3PO2
2P3  3PO1
2P3  3PO0
2P3  1DO2
2P3  3SO1
2P3  1PO1
5000
7500
10000
12500
15000
17500
20000
0
   1  2 0.5843  5000.
   0  0 0.5628  7500.
   0  0 0.5299 10000.
   0  0 0.4942 12500.
   0  0 0.4683 15000.
   0  0 0.4488 17500.
   0  0 0.4294 20000.
   1  3 0.2352  5000.
   0  0 0.2311  7500.
   0  0 0.2214 10000.
   0  0 0.2103 12500.
   0  0 0.2030 15000.
   0  0 0.1982 17500.
   0  0 0.1934 20000.
 1 4 0.2240   5000.
 0 0 0.2320   7500.
 0 0 0.2412  10000.
 0 0 0.2493  12500.
 0 0 0.2560  15000.
 0 0 0.2614  17500.
 0 0 0.2659  20000.
 1 5 0.0276   5000.
 0 0 0.0291   7500.
 0 0 0.0307  10000.
 0 0 0.0321  12500.
 0 0 0.0332  15000.
 0 0 0.0341  17500.
 0 0 0.0349  20000.
 1 6 0.1169   5000.
 0 0 0.1256   7500.
 0 0 0.1309  10000.
 0 0 0.1334  12500.
 0 0 0.1360  15000.
 0 0 0.1370  17500.
 0 0 0.1380  20000.
   1  7 0.0000  5000.
   0  0 1.2234  7500.
   0  0 1.1605 10000.
   0  0 1.0909 12500.
   0  0 0.0114 15000.
   0  0 0.0108 17500.
   0  0 0.0103 20000.
   1  8 0.0000  5000.
   0  0 1.2234  7500.
   0  0 1.1605 10000.
   0  0 1.0909 12500.
   0  0 0.0718 15000.
   0  0 0.0689 17500.
   0  0 0.0660 20000.
   1  9 0.0000  5000.
   0  0 1.2234  7500.
   0  0 1.1605 10000.
   0  0 1.0909 12500.
   0  0 0.9299 15000.
   0  0 0.9771 17500.
   0  0 1.0243 20000.
   1 10 0.0000  5000.
   0  0 1.2234  7500.
   0  0 1.1605 10000.
   0  0 1.0909 12500.
   0  0 0.0212 15000.
   0  0 0.0204 17500.
   0  0 0.0197 20000.
   1 11 0.0000  5000.
   0  0 1.2234  7500.
   0  0 1.1605 10000.
   0  0 1.0909 12500.
   0  0 0.7742 15000.
   0  0 0.8204 17500.
   0  0 0.8667 20000.
   1 12 0.0000  5000.
   0  0 1.2234  7500.
   0  0 1.1605 10000.
   0  0 1.0909 12500.
   0  0 0.0139 15000.
   0  0 0.0133 17500.
   0  0 0.0128 20000.
   2  3 1.2596  5000.
   0  0 1.2234  7500.
   0  0 1.1605 10000.
   0  0 1.0909 12500.
   0  0 1.0419 15000.
   0  0 1.0069 17500.
   0  0 0.9718 20000.
 2 4 0.6720   5000.
 0 0 0.6960   7500.
 0 0 0.7237  10000.
 0 0 0.7480  12500.
 0 0 0.7680  15000.
 0 0 0.7843  17500.
 0 0 0.7977  20000.
 2 5 0.0827   5000.
 0 0 0.0873   7500.
 0 0 0.0921  10000.
 0 0 0.0963  12500.
 0 0 0.0997  15000.
 0 0 0.1024  17500.
 0 0 0.1046  20000.
 2 6 0.3507   5000.
 0 0 0.3767   7500.
 0 0 0.3927  10000.
 0 0 0.4003  12500.
 0 0 0.4080  15000.
 0 0 0.4110  17500.
 0 0 0.4140  20000.
 3 4 1.1200   5000.
 0 0 1.1600   7500.
 0 0 1.2061  10000.
 0 0 1.2467  12500.
 0 0 1.2800  15000.
 0 0 1.3072  17500.
 0 0 1.3294  20000.
 3 5 0.1379   5000.
 0 0 0.1456   7500.
 0 0 0.1536  10000.
 0 0 0.1605  12500.
 0 0 0.1662  15000.
 0 0 0.1707  17500.
 0 0 0.1744  20000.
 3 6 0.5844   5000.
 0 0 0.6278   7500.
 0 0 0.6544  10000.
 0 0 0.6672  12500.
 0 0 0.6800  15000.
 0 0 0.6850  17500.
 0 0 0.6900  20000.
 6  7 0.3561 5000.
 0  0 0.3572 7500.
 0  0 0.3589 10000.
 0  0 0.3611 12500.
 0  0 0.3633 15000.
 0  0 0.3656 17500.
 0  0 0.3667 20000.
 6  8 0.2137 5000.
 0  0 0.2143 7500.
 0  0 0.2153 10000.
 0  0 0.2167 12500.
 0  0 0.2180 15000.
 0  0 0.2193 17500.
 0  0 0.2200 20000.
 6  9 0.0712 5000.
 0  0 0.0714 7500.
 0  0 0.0718 10000.
 0  0 0.0722 12500.
 0  0 0.0727 15000.
 0  0 0.0731 17500.
 0  0 0.0733 20000.
 6 10 1.0589  5000.
 0  0 1.0584  7500.
 0  0 1.0533 10000.
 0  0 1.0481 12500.
 0  0 1.0430 15000.
 0  0 1.0395 17500.
 0  0 1.0360 20000.
 6 11 0.7563  5000.
 0  0 0.7560  7500.
 0  0 0.7523 10000.
 0  0 0.7487 12500.
 0  0 0.7450 15000.
 0  0 0.7425 17500.
 0  0 0.7400 20000.
 6 12 0.4538  5000.
 0  0 0.4536  7500.
 0  0 0.4514 10000.
 0  0 0.4492 12500.
 0  0 0.4470 15000.
 0  0 0.4455 17500.
 0  0 0.4440 20000.
 0 0 0
 1 2 2.62-5
 1 3 3.02-11
 1 4 2.74-6
 1 5 0.0
 1 6 0.0
 1 7 0.0
 1 8 0.0
 1 9 3.42+8
1 10 0.0
1 11 6.02+8
1 12 0.0
1 13 0.0
1 14 1.60+9
1 15 5.33+4
 2 3 9.76-5
 2 4 6.74-3
 2 5 2.23-1
 2 6 2.12+2
 2 7 0.0
 2 8 4.59+8
 2 9 2.49+8
2 10 4.44+8
2 11 4.63+8
2 12 1.82+9
2 13 1.24+4
2 14 4.79+9
2 15 8.54+5
 3 4 1.96-2
 3 5 7.85-4
 3 6 5.22+2
 3 7 6.01+8
 3 8 1.45+8
 3 9 1.57+7
3 10 1.36+9
3 11 7.48+8
3 12 0.0
3 13 2.72+5
3 14 7.98+9
3 15 1.8+5
 4 5 1.78
 4 6 0.0
 4 7 1.89+4
 4 8 3.79+3
 4 9 2.21+3
4 10 6.73+3
4 11 2.72+4
4 12 0.0
4 13 5.42+9
4 14 2.84+5
4 15 9.32+9
 5 6 0.0
 5 7 0.0
 5 8 0.0
 5 9 1.69+3
5 10 0.0
5 11 8.93+3
5 12 0.0
5 13 0.0
5 14 6.67+4
5 15 1.55+9
6 7 0.0
6 8 0.0
6 9 0.0
6 10 0.0
6 11 0.0
6 12 0.0
6 13 0.0
6 14 0.0
6 15 0.0
7 8 0.0
7 9 0.0
7 10 0.0
7 11 0.0
7 12 0.0
7 13 0.0
7 14 0.0
7 15 0.0
8 9 0.0
8 10 0.0
8 11 0.0
8 12 0.0
8 13 0.0
8 14 0.0
8 15 0.0
9 10 0.0
9 11 0.0
9 12 0.0
9 13 0.0
9 14 0.0
9 15 0.0
10 11 0.0
10 12 0.0
10 13 0.0
10 14 0.0
10 15 0.0
11 12 0.0
11 13 0.0
11 14 0.0
11 15 0.0
12 13 0.0
12 14 0.0
12 15 0.0
13 14 0.0
13 15 0.0
14 15 0.0
 1 1 0.0
 2 3 113.4
 3 5 306.8
 4 5 20063.
 5 1 42975
 6 5 60104
 7 7 119833
 8 5 119860.2
 9 3 119866.1
10 5 142176
11 3 142177.1
12 1 142191.2
13 5 186841
14 3 196878
15 3 210250
