

           feiii               
           T =   10000., LOG T =  4.000
           D = 1.00E+03, LOG D =  3.000
 POPULATIONS:
    1     3d6 5de4            9.3074E-01
    2     3d6 5de3            1.4104E-02
    3     3d6 5de2            8.6531E-03
    4     3d6 5de1            7.3612E-03
    5     3d6 5de0            1.4819E-02
    6     3d6 3p2             7.4315E-07
    7     3d6 3p1             1.2916E-07
    8     3d6 3p0             1.8076E-08
    9     3d6 3h6             2.2561E-02
   10     3d6 3h5             1.7177E-03
   11     3d6 3h4             3.3658E-05
   12     3d6 3f4             1.4959E-06
   13     3d6 3f3             8.3175E-07
   14     3d6 3f2             9.0556E-07
   15     3d6 3g5             6.2750E-06
   16     3d6 3g4             3.6271E-06
   17     3d6 3g3             9.6051E-07
   18     3d6 1i6             6.4899E-07
   19     3d6 3de3            2.8912E-07
   20     3d6 3de2            1.7549E-07
   21     3d6 3de1            6.3939E-08
   22     3d6 1g4             3.6915E-08
   23     3d6 1s0             5.2782E-11
   24     3d6 1de2            6.5593E-09
   25     3d6 1f3             1.3799E-08
 TRANSITION    LAMDA(A)     INTENSITY     I(line)*N(H+)/ I(Hbeta)*N(ion)
    1  2        215889.46    1.875E-02    3.002E+04
    1  3        135336.31    1.797E-08    2.877E-02
    1  6          5153.36    8.551E-08    1.369E-01
    1  9          4987.26    1.932E-03    3.093E+03
    1 10          4925.91    3.661E-04    5.862E+02
    1 11          4882.36    6.632E-03    1.062E+04
    1 12          4659.35    1.380E-02    2.210E+04
    1 13          4608.32    7.653E-04    1.225E+03
    1 14          4575.15    4.790E-08    7.669E-02
    1 15          4071.86    5.949E-05    9.524E+01
    1 16          4009.48    2.642E-04    4.229E+02
    1 17          3980.19    4.247E-06    6.800E+00
    1 18          3294.22    6.679E-09    1.069E-02
    1 19          3240.67    1.758E-03    2.814E+03
    1 20          3255.61    1.418E-06    2.270E+00
    1 22          3237.67    6.989E-07    1.119E+00
    1 24          2793.01    1.127E-09    1.805E-03
    1 25          2331.17    1.433E-07    2.294E-01
    2  3        362713.09    4.270E-03    6.837E+03
    2  4        213128.73    3.627E-09    5.807E-03
    2  6          5279.39    7.151E-03    1.145E+04
    2  7          4944.33    1.860E-07    2.978E-01
    2 10          5040.93    8.519E-05    1.364E+02
    2 11          4995.33    1.294E-03    2.071E+03
    2 12          4762.13    2.585E-03    4.139E+03
    2 13          4708.83    4.098E-03    6.561E+03
    2 14          4674.21    4.960E-04    7.941E+02
    2 15          4150.14    3.871E-06    6.197E+00
    2 16          4085.35    8.967E-05    1.436E+02
    2 17          4054.95    2.985E-05    4.779E+01
    2 19          3290.06    4.921E-04    7.879E+02
    2 20          3305.46    1.375E-04    2.202E+02
    2 21          3304.41    1.254E-07    2.008E-01
    2 22          3286.97    1.370E-07    2.194E-01
    2 24          2829.61    3.083E-08    4.936E-02
    2 25          2356.62    4.198E-07    6.722E-01
    3  4        516795.87    9.714E-04    1.555E+03
    3  6          5357.36    8.309E-07    1.330E+00
    3  7          5012.66    1.628E-03    2.607E+03
    3  8          4885.29    1.554E-07    2.488E-01
    3 11          5065.09    8.772E-08    1.404E-01
    3 12          4825.49    4.247E-07    6.800E-01
    3 13          4770.76    1.417E-03    2.269E+03
    3 14          4735.23    8.434E-04    1.350E+03
    3 16          4131.89    2.142E-06    3.429E+00
    3 17          4100.80    1.351E-05    2.164E+01
    3 19          3320.17    3.588E-04    5.744E+02
    3 20          3335.86    5.008E-04    8.019E+02
    3 21          3334.79    2.205E-06    3.530E+00
    3 22          3317.02    3.094E-10    4.954E-04
    3 23          2934.83    8.561E-10    1.371E-03
    3 24          2851.86    3.335E-07    5.340E-01
    3 25          2372.03    1.536E-07    2.459E-01
    4  6          5413.48    6.740E-04    1.079E+03
    4  7          5061.75    4.083E-07    6.537E-01
    4  8          4931.91    2.980E-04    4.771E+02
    4 13          4815.22    3.230E-07    5.172E-01
    4 14          4779.02    8.356E-04    1.338E+03
    4 17          4133.60    3.160E-07    5.060E-01
    4 19          3341.64    4.188E-07    6.705E-01
    4 20          3357.53    4.338E-04    6.946E+02
    4 21          3356.45    2.362E-04    3.782E+02
    4 23          2951.59    8.512E-10    1.363E-03
    4 24          2867.69    1.967E-07    3.150E-01
    4 25          2382.97    1.077E-09    1.725E-03
    5  6          5441.44    3.455E-07    5.532E-01
    5  7          5086.19    2.793E-04    4.473E+02
    5 14          4800.79    3.697E-07    5.919E-01
    5 20          3368.26    4.319E-07    6.916E-01
    5 21          3367.17    2.089E-04    3.344E+02
    5 24          2875.51    3.353E-11    5.369E-05
    6  7         77905.89    7.908E-06    1.266E+01
    6 11         92841.89    1.069E-11    1.712E-05
    6 12         48605.04    9.048E-10    1.449E-03
    6 13         43571.09    2.921E-09    4.676E-03
    6 14         40776.38    1.819E-08    2.912E-02
    6 16         18063.26    7.309E-10    1.170E-03
    6 17         17483.74    2.203E-09    3.527E-03
    6 19          8731.34    1.156E-04    1.850E+02
    6 20          8840.64    8.000E-05    1.281E+02
    6 21          8833.14    8.686E-06    1.391E+01
    6 22          8709.59    9.918E-10    1.588E-03
    6 23          6490.30    1.952E-10    3.125E-04
    6 24          6097.97    8.508E-06    1.362E+01
    6 25          4256.75    7.456E-08    1.194E-01
    7  8        192270.72    7.089E-08    1.135E-01
    7 13         98863.07    4.652E-12    7.449E-06
    7 14         85557.84    1.291E-09    2.067E-03
    7 17         22542.83    1.670E-11    2.674E-05
    7 19          9833.42    4.116E-07    6.591E-01
    7 20          9972.28    5.191E-08    8.312E-02
    7 21          9962.74    2.747E-05    4.398E+01
    7 23          7080.15    1.029E-06    1.647E+00
    7 24          6615.81    2.806E-06    4.492E+00
    7 25          4502.78    4.658E-08    7.458E-02
    8 14        154154.46    2.256E-13    3.612E-07
    8 20         10517.79    1.595E-07    2.554E-01
    8 21         10507.18    7.120E-06    1.140E+01
    8 24          6851.57    4.308E-09    6.898E-03
    9 10        400480.58    1.737E-04    2.781E+02
    9 15         22184.26    1.165E-03    1.866E+03
    9 16         20450.73    3.512E-07    5.623E-01
    9 18          9703.93    4.501E-04    7.207E+02
    9 22          9229.09    5.560E-09    8.902E-03
   10 11        552181.12    1.128E-06    1.806E+00
   10 15         23485.20    7.722E-04    1.236E+03
   10 16         21551.26    4.426E-06    7.087E+00
   10 17         20731.40    1.019E-07    1.632E-01
   10 18          9944.91    2.878E-04    4.608E+02
   10 19          9472.39    6.929E-07    1.109E+00
   10 22          9446.80    9.574E-05    1.533E+02
   10 25          4425.54    1.547E-06    2.476E+00
   11 15         24528.44    1.067E-04    1.708E+02
   11 16         22426.55    7.407E-04    1.186E+03
   11 17         21540.12    1.645E-04    2.635E+02
   11 18         10127.30    1.455E-09    2.329E-03
   11 19          9637.72    1.794E-06    2.872E+00
   11 20          9771.06    2.568E-08    4.112E-02
   11 22          9611.23    8.258E-05    1.322E+02
   11 24          6526.65    1.417E-08    2.269E-02
   11 25          4461.30    8.599E-07    1.377E+00
   12 15         32293.48    1.543E-04    2.470E+02
   12 16         28746.37    1.020E-04    1.632E+02
   12 17         27305.99    1.140E-05    1.825E+01
   12 18         11243.53    1.605E-08    2.569E-02
   12 19         10643.28    3.314E-05    5.306E+01
   12 20         10806.14    2.468E-06    3.952E+00
   12 22         10610.98    4.383E-05    7.018E+01
   12 24          6972.77    2.559E-10    4.097E-04
   12 25          4665.33    1.097E-06    1.757E+00
   13 15         34978.49    4.718E-09    7.554E-03
   13 16         30854.67    1.340E-08    2.146E-02
   13 17         29201.34    5.263E-05    8.426E+01
   13 19         10919.53    1.949E-05    3.120E+01
   13 20         11091.02    6.440E-06    1.031E+01
   13 21         11079.23    1.079E-06    1.728E+00
   13 22         10885.54    3.347E-05    5.359E+01
   13 24          7090.29    2.082E-05    3.333E+01
   13 25          4717.65    7.108E-07    1.138E+00
   14 16         32428.58    4.217E-09    6.751E-03
   14 17         30607.25    3.138E-05    5.025E+01
   14 19         11110.37    4.112E-06    6.583E+00
   14 20         11287.96    5.504E-06    8.812E+00
   14 21         11275.74    4.400E-06    7.045E+00
   14 22         11075.18    3.433E-11    5.497E-05
   14 23          7718.91    4.664E-12    7.467E-06
   14 24          7170.26    1.125E-05    1.802E+01
   14 25          4752.92    7.491E-07    1.199E+00
   15 16        261711.59    2.010E-06    3.218E+00
   15 18         17249.11    5.794E-07    9.277E-01
   15 19         15875.54    1.176E-06    1.884E+00
   15 22         15803.78    5.045E-09    8.078E-03
   15 25          5453.13    8.224E-08    1.317E-01
   16 17        544959.13    4.776E-08    7.648E-02
   16 18         18466.20    1.051E-11    1.682E-05
   16 19         16900.74    1.813E-07    2.903E-01
   16 20         17315.12    3.568E-07    5.712E-01
   16 22         16819.44    1.879E-10    3.008E-04
   16 24          9205.73    7.838E-09    1.255E-02
   16 25          5569.17    2.676E-05    4.285E+01
   17 19         17441.66    1.840E-07    2.946E-01
   17 20         17883.33    9.627E-08    1.541E-01
   17 21         17852.68    1.296E-07    2.076E-01
   17 22         17355.09    3.871E-08    6.198E-02
   17 24          9363.91    8.406E-08    1.346E-01
   17 25          5626.67    1.312E-05    2.101E+01
   19 24         20218.77    1.463E-06    2.343E+00
   19 25          8306.27    8.905E-06    1.426E+01
   20 23         24412.87    4.216E-13    6.750E-07
   20 24         19656.02    2.826E-07    4.526E-01
   20 25          8209.71    5.311E-06    8.504E+00
   21 23         24470.22    4.292E-12    6.873E-06
   21 24         19693.18    1.549E-06    2.480E+00
   21 25          8216.18    1.931E-09    3.092E-03
   22 24         20336.36    2.732E-09    4.374E-03
   22 25          8326.05    1.104E-06    1.767E+00
   23 24        100877.64    1.131E-13    1.811E-07
   24 25         14098.01    7.899E-08    1.265E-01
